Test output:

1 2 3 4 5 8 12 
0 2 3 4 5 9 13 
0 1 3 6 7 10 14 
0 1 2 6 7 11 15 
0 1 5 6 7 8 12 
0 1 4 6 7 9 13 
2 3 4 5 7 10 14 
2 3 4 5 6 11 15 
0 4 9 10 11 12 13 
1 5 8 10 11 12 13 
2 6 8 9 11 14 15 
3 7 8 9 10 14 15 
0 4 8 9 13 14 15 
1 5 8 9 12 14 15 
2 6 10 11 12 13 15 
3 7 10 11 12 13 14 
(0,2,1) (1,2,0) (2,2,0) (3,2,0) (4,2,0) (5,2,0) (6,29,0) (7,29,0) (8,2,0) (9,29,0) (10,29,0) (11,29,0) (12,2,0) (13,29,0) (14,29,0) (15,29,0)  
(0,2,1) (1,3,1) (2,6,0) (3,6,0) (4,6,0) (5,6,0) (6,29,0) (7,29,0) (8,2,0) (9,3,0) (10,29,0) (11,29,0) (12,2,0) (13,3,0) (14,29,0) (15,29,0)  
(0,2,1) (1,3,1) (2,5,1) (3,30,0) (4,6,0) (5,6,0) (6,5,0) (7,5,0) (8,2,0) (9,3,0) (10,5,0) (11,29,0) (12,2,0) (13,3,0) (14,5,0) (15,29,0)  
(0,2,1) (1,3,1) (2,5,1) (3,7,1) (4,6,0) (5,6,0) (6,35,0) (7,35,0) (8,2,0) (9,3,0) (10,5,0) (11,7,0) (12,2,0) (13,3,0) (14,5,0) (15,7,0)  
(0,2,1) (1,3,1) (2,5,1) (3,7,1) (4,6,0) (5,174,0) (6,1015,0) (7,1015,0) (8,58,0) (9,3,0) (10,5,0) (11,7,0) (12,58,0) (13,3,0) (14,5,0) (15,7,0)  
(0,2,1) (1,3,1) (2,5,1) (3,7,1) (4,18,0) (5,3,1) (6,3045,0) (7,3045,0) (8,58,0) (9,9,0) (10,5,0) (11,7,0) (12,58,0) (13,9,0) (14,5,0) (15,7,0)  
(0,2,1) (1,3,1) (2,5,1) (3,7,1) (4,90,0) (5,3,1) (6,5,1) (7,15225,0) (8,58,0) (9,9,0) (10,25,0) (11,7,0) (12,58,0) (13,9,0) (14,25,0) (15,7,0)  
(0,2,1) (1,3,1) (2,5,1) (3,7,1) (4,270,0) (5,3,1) (6,5,1) (7,3,1) (8,58,0) (9,9,0) (10,25,0) (11,21,0) (12,58,0) (13,9,0) (14,25,0) (15,21,0)  
(0,2,1) (1,3,1) (2,5,1) (3,7,1) (4,1350,0) (5,3,1) (6,5,1) (7,3,1) (8,5,1) (9,45,0) (10,125,0) (11,105,0) (12,290,0) (13,45,0) (14,25,0) (15,21,0)  
(0,2,1) (1,3,1) (2,5,1) (3,7,1) (4,1350,0) (5,3,1) (6,5,1) (7,3,1) (8,5,1) (9,5,1) (10,625,0) (11,525,0) (12,1450,0) (13,225,0) (14,25,0) (15,21,0)  
(0,2,1) (1,3,1) (2,5,1) (3,7,1) (4,1350,0) (5,3,1) (6,5,1) (7,3,1) (8,5,1) (9,5,1) (10,2,1) (11,1050,0) (12,1450,0) (13,225,0) (14,50,0) (15,42,0)  
(0,2,1) (1,3,1) (2,5,1) (3,7,1) (4,1350,0) (5,3,1) (6,5,1) (7,3,1) (8,5,1) (9,5,1) (10,2,1) (11,3,1) (12,1450,0) (13,225,0) (14,150,0) (15,126,0)  
(0,2,1) (1,3,1) (2,5,1) (3,7,1) (4,4050,0) (5,3,1) (6,5,1) (7,3,1) (8,5,1) (9,5,1) (10,2,1) (11,3,1) (12,3,1) (13,675,0) (14,450,0) (15,378,0)  
(0,2,1) (1,3,1) (2,5,1) (3,7,1) (4,4050,0) (5,3,1) (6,5,1) (7,3,1) (8,5,1) (9,5,1) (10,2,1) (11,3,1) (12,3,1) (13,5,1) (14,2250,0) (15,1890,0)  
(0,2,1) (1,3,1) (2,5,1) (3,7,1) (4,4050,0) (5,3,1) (6,5,1) (7,3,1) (8,5,1) (9,5,1) (10,2,1) (11,3,1) (12,3,1) (13,5,1) (14,3,1) (15,5670,0)  
(0,2,1) (1,3,1) (2,5,1) (3,7,1) (4,4050,0) (5,3,1) (6,5,1) (7,3,1) (8,5,1) (9,5,1) (10,2,1) (11,3,1) (12,3,1) (13,5,1) (14,3,1) (15,5670,0)  
(0,2,1) (1,3,1) (2,5,1) (3,7,1) (4,7,1) (5,3,1) (6,5,1) (7,3,1) (8,5,1) (9,5,1) (10,2,1) (11,3,1) (12,3,1) (13,5,1) (14,3,1) (15,5670,0)  
(0,2,1) (1,3,1) (2,5,1) (3,7,1) (4,7,1) (5,3,1) (6,5,1) (7,3,1) (8,5,1) (9,5,1) (10,2,1) (11,3,1) (12,3,1) (13,5,1) (14,3,1) (15,5670,0)  
(0,2,1) (1,3,1) (2,5,1) (3,7,1) (4,7,1) (5,3,1) (6,5,1) (7,3,1) (8,5,1) (9,5,1) (10,2,1) (11,3,1) (12,3,1) (13,5,1) (14,3,1) (15,5670,0)  
(0,2,1) (1,3,1) (2,5,1) (3,7,1) (4,7,1) (5,3,1) (6,5,1) (7,3,1) (8,5,1) (9,5,1) (10,2,1) (11,3,1) (12,3,1) (13,5,1) (14,3,1) (15,5670,0)  
1 2 3 4 5 8 12 
0 2 3 4 5 9 13 
0 1 3 6 7 10 14 
0 1 2 6 7 11 15 
0 1 5 6 7 8 12 
0 1 4 6 7 9 13 
2 3 4 5 7 10 14 
2 3 4 5 6 11 15 
0 4 9 10 11 12 13 
1 5 8 10 11 12 13 
2 6 8 9 11 14 15 
3 7 8 9 10 14 15 
0 4 8 9 13 14 15 
1 5 8 9 12 14 15 
2 6 10 11 12 13 15 
3 7 10 11 12 13 14 
(0,2,1) (1,2,0) (2,2,0) (3,2,0) (4,2,0) (5,2,0) (6,29,0) (7,29,0) (8,2,0) (9,29,0) (10,29,0) (11,29,0) (12,2,0) (13,29,0) (14,29,0) (15,29,0)  
(0,2,1) (1,3,1) (2,6,0) (3,6,0) (4,6,0) (5,6,0) (6,29,0) (7,29,0) (8,2,0) (9,3,0) (10,29,0) (11,29,0) (12,2,0) (13,3,0) (14,29,0) (15,29,0)  
(0,2,1) (1,3,1) (2,5,1) (3,30,0) (4,6,0) (5,6,0) (6,5,0) (7,5,0) (8,2,0) (9,3,0) (10,5,0) (11,29,0) (12,2,0) (13,3,0) (14,5,0) (15,29,0)  
(0,2,1) (1,3,1) (2,5,1) (3,7,1) (4,6,0) (5,6,0) (6,35,0) (7,35,0) (8,2,0) (9,3,0) (10,5,0) (11,7,0) (12,2,0) (13,3,0) (14,5,0) (15,7,0)  
(0,2,1) (1,3,1) (2,5,1) (3,7,1) (4,5,1) (5,30,0) (6,175,0) (7,175,0) (8,10,0) (9,3,0) (10,5,0) (11,7,0) (12,10,0) (13,3,0) (14,5,0) (15,7,0)  
(0,2,1) (1,3,1) (2,5,1) (3,7,1) (4,5,1) (5,7,1) (6,1225,0) (7,1225,0) (8,10,0) (9,21,0) (10,5,0) (11,7,0) (12,10,0) (13,21,0) (14,5,0) (15,7,0)  
(0,2,1) (1,3,1) (2,5,1) (3,7,1) (4,5,1) (5,7,1) (6,2,1) (7,2450,0) (8,10,0) (9,21,0) (10,10,0) (11,7,0) (12,10,0) (13,21,0) (14,10,0) (15,7,0)  
(0,2,1) (1,3,1) (2,5,1) (3,7,1) (4,5,1) (5,7,1) (6,2,1) (7,3,1) (8,10,0) (9,21,0) (10,10,0) (11,21,0) (12,10,0) (13,21,0) (14,10,0) (15,21,0)  
(0,2,1) (1,3,1) (2,5,1) (3,7,1) (4,5,1) (5,7,1) (6,2,1) (7,3,1) (8,3,1) (9,63,0) (10,30,0) (11,63,0) (12,30,0) (13,63,0) (14,10,0) (15,21,0)  
(0,2,1) (1,3,1) (2,5,1) (3,7,1) (4,5,1) (5,7,1) (6,2,1) (7,3,1) (8,3,1) (9,2,1) (10,60,0) (11,126,0) (12,60,0) (13,126,0) (14,10,0) (15,21,0)  
(0,2,1) (1,3,1) (2,5,1) (3,7,1) (4,5,1) (5,7,1) (6,2,1) (7,3,1) (8,3,1) (9,2,1) (10,7,1) (11,882,0) (12,60,0) (13,126,0) (14,70,0) (15,147,0)  
(0,2,1) (1,3,1) (2,5,1) (3,7,1) (4,5,1) (5,7,1) (6,2,1) (7,3,1) (8,3,1) (9,2,1) (10,7,1) (11,5,1) (12,60,0) (13,126,0) (14,350,0) (15,735,0)  
(0,2,1) (1,3,1) (2,5,1) (3,7,1) (4,5,1) (5,7,1) (6,2,1) (7,3,1) (8,3,1) (9,2,1) (10,7,1) (11,5,1) (12,7,1) (13,882,0) (14,2450,0) (15,5145,0)  
(0,2,1) (1,3,1) (2,5,1) (3,7,1) (4,5,1) (5,7,1) (6,2,1) (7,3,1) (8,3,1) (9,2,1) (10,7,1) (11,5,1) (12,7,1) (13,5,1) (14,12250,0) (15,25725,0)  
(0,2,1) (1,3,1) (2,5,1) (3,7,1) (4,5,1) (5,7,1) (6,2,1) (7,3,1) (8,3,1) (9,2,1) (10,7,1) (11,5,1) (12,7,1) (13,5,1) (14,3,1) (15,77175,0)  
(0,2,1) (1,3,1) (2,5,1) (3,7,1) (4,5,1) (5,7,1) (6,2,1) (7,3,1) (8,3,1) (9,2,1) (10,7,1) (11,5,1) (12,7,1) (13,5,1) (14,3,1) (15,2,1)  
